5510
6484
6044
5878
4236
4100
1146
2251
5786
6973
677
5152
6093
4179
3567
3065
2075
7936
283
3185
3553
8895
3517
9806
3691
7425
6998
2458
4936
728
1139
5398
4630
2328
1531
5265
83
1648
3579
2446
9967
6117
6588
6179
1618
2299
3273
9462
3790
5149
3314
399
9662
1872
4098
1260
9009
4792
3807
2383
2805
1984
5542
5125
1087
765
3860
6254
642
556
2564
8410
2236
2716
7195
5130
9812
1201
9643
3540
2879
2170
7023
712
3483
3456
4981
4214
4392
7679
8208
9854
5904
4556
4103
1562
2367
2885
569
8808
8179
2758
1987
4185
4348
3874
9372
1719
2175
5670
3673
2841
2252
8968
8993
1249
7461
4771
6107
128
3168
6787
8774
4686
9647
3363
1805
8275
6083
7620
5770
2384
5171
5651
9345
5193
7440
1639
7884
7156
9694
4986
9902
4285
5318
2086
515
4108
122
3992
2455
5981
7198
1304
7059
2387
7076
8395
9909
1180
5103
1768
553
6026
4312
166
6116
5962
9745
5913
6651
1727
2666
3936
624
177
1823
3110
8374
2344
8949
5635
8443
5580
5722
9702
724
2949
103
4493
7181
3775
4868
6930
3157
4489
9767
8153
3484
2767
7669
291
4660
5168
5409
9107
9183
641
4427
1916
3843
5292
6761
9577
1288
8539
4288
4755
4932
3607
7431
2514
7504
4578
7793
7992
6524
7219
9930
9506
5887
4248
629
373
2038
1563
3774
3221
1059
8256
1749
6127
6418
1005
2249
597
3884
2258
8590
8461
4844
3968
205
5871
6935
7053
7458
3809
918
1178
3352
4693
5652
2561
7482
710
6742
3108
2480
8847
3214
5648
6612
1073
4859
7396
8983
4855
3126
4016
5254
8249
338
3435
3526
6989
2072
2745
1524
490
8070
5612
4084
1190
9971
5683
7397
6531
5880
8485
6421
6463
6549
1928
4072
1228
7526
8601
7309
7265
920
3923
2911
1412
2178
5581
8098
4722
392
9625
934
2738
8031
8114
8694
1088
8647
9456
6631
3785
2706
2493
7815
3991
3201
9140
727
9765
5872
8769
3797
4293
3709
6118
5953
7331
9193
2830
454
8054
9600
5577
48
4113
1630
3510
4260
5107
9798
3520
4570
6081
7322
6802
1003
5674
8059
8744
6983
5602
6720
8446
5188
6488
7811
4619
9838
5549
4549
2411
5437
7400
9384
4186
4342
3107
4245
756
6050
3654
8997
4958
4314
8294
3643
6123
2276
4639
7094
308
9855
5875
774
6294
8092
3935
277
7544
2992
6902
4109
9570
5178
2040
2235
5037
43
2866
5288
5399
343
2366
9737
8811
3310
8893
9286
178
2441
4170
9627
8000
9444
1819
2006
7421
2838
6114
3071
9056
5179
2602
9021
3103
4297
4030
3365
3274
1800
1083
7071
7650
8304
5885
9898
7371
9228
4315
9302
4507
5865
1900
7434
3423
7319
2182
193
1985
625
6886
3795
21
2197
6737
8867
3432
9682
2316
4939
3663
1659
2645
2412
9287
9760
456
58
4418
2152
5892
8547
5126
5047
683
1989
1287
2378
2468
3161
3073
